34,24,0
34,24,0
34,24,0
34,25,0
34,24,0
34,25,0
34,25,1
34,27,1
34,31,1
34,41,1
34,54,1
34,64,1
34,74,1
34,79,1
34,84,0
34,65,0
34,52,0
34,44,0
34,39,0
34,35,0
34,33,0
34,31,0
34,29,0
34,28,0
33,28,0
33,27,0
33,27,0
33,26,0
33,27,0
33,27,0
33,27,0
33,28,0
33,28,0
33,28,1
33,29,1
33,41,1
33,64,1
33,78,1
33,88,1
33,95,1
33,95,1
33,95,1
33,95,1
33,95,1
33,95,1
33,95,1
33,95,1
33,95,1
33,95,1
33,95,1
33,95,1
33,95,1
33,95,0
33,95,0
33,88,0
33,73,0
33,63,0
33,54,0
33,48,0
33,44,0
33,41,0
33,39,0
33,37,0
32,35,0
32,33,0
32,33,0
32,33,0
32,33,0
32,33,0
32,33,0
32,33,0
32,33,0
32,32,0
32,31,0
31,32,0
31,32,0
31,32,0
31,33,0
31,32,0
31,31,0
28,38,0
28,38,0
28,39,0
28,38,0
28,40,0
28,42,1
28,40,1
28,42,1
28,68,1
28,85,1
28,95,1
28,95,1
28,95,1
29,95,1
29,95,1
29,95,1
29,95,0
29,95,0
29,95,0
29,89,0
29,74,0
29,64,0
29,58,0
29,53,0
29,51,0
29,50,0
29,47,0
29,46,0
29,44,0
29,42,0
29,41,0
29,40,0
29,38,0
29,37,0
29,36,0
29,35,0
29,35,0
29,34,0
29,33,0
29,33,0
29,33,0
29,32,0
29,34,0
29,35,0
29,35,0
29,34,0
29,33,0
29,33,0
29,32,0
29,32,0
29,32,0
29,32,0
29,32,0
29,32,0
29,32,0
29,32,0
29,32,0
29,32,0
29,32,0
29,32,0
29,32,0
29,32,0
29,32,0
29,32,0
29,32,0
29,32,0
29,32,0
29,32,0
29,32,0
29,32,0
29,32,0
29,32,0
29,32,0
29,32,0
29,32,0
29,32,0
29,32,0
29,32,0
29,32,0
29,32,0
29,32,0
29,32,0
29,32,0
29,32,0
29,32,0
29,32,0
29,32,0
29,32,0
29,32,0
29,32,0
29,32,0
29,32,0
29,32,0
29,32,0
29,32,0
29,32,0
29,32,0
29,32,0
29,32,0
29,32,0
29,32,0
33,27,0
33,27,0
33,26,0
33,27,0
33,27,0
33,27,0
33,28,0
33,28,0
33,28,1
33,29,1
33,41,1
33,64,1
33,78,1
33,88,1
33,95,1
33,95,1
33,95,1
33,95,1
33,95,1
33,95,1
33,95,1
33,95,1
33,95,1
33,95,1
33,95,1
33,95,1
33,27,0
33,27,0
33,26,0
33,27,0
33,27,0
33,27,0
33,28,0
33,28,0
33,28,1
33,29,1
33,41,1
33,64,1
33,78,1
33,88,1
33,95,1
33,95,1
33,95,1
33,95,1
33,95,1
33,95,1
33,95,1
33,95,1
33,95,1
33,95,1
33,95,1
33,95,1
29,32,0
29,32,0
29,32,0
29,32,0
29,32,0
29,32,0
29,32,0
29,32,0
29,32,0
29,32,0
29,32,0
29,32,0
29,32,0
29,32,0
29,32,0
29,32,0
29,32,0
29,32,0
29,32,0
29,32,0
29,32,0
29,32,0
29,32,0
29,32,0
29,32,0
29,32,0
29,32,0
29,32,0
29,32,0
29,32,0
29,32,0
29,32,0
29,32,0
29,32,0
29,32,0
29,32,0
29,32,0
29,32,0
29,32,0
29,32,0
29,32,0
29,32,0
29,32,0
29,32,0
29,32,0
29,32,0
29,32,0
29,32,0
29,32,0
29,32,0
29,32,0
29,32,0
29,32,0
29,32,0
29,32,0
29,32,0
29,32,0
29,32,0
29,32,0
29,32,0
29,32,0
29,32,0
29,32,0
29,32,0
29,32,0
29,32,0
29,32,0
29,32,0
29,32,0
29,32,0
29,32,0
29,32,0
29,32,0
29,32,0
29,32,0
29,32,0
29,32,0
29,32,0
29,32,0
29,32,0
29,32,0
29,32,0
29,32,0
29,32,0
29,32,0
29,32,0
29,32,0
29,32,0
29,32,0
29,32,0
29,32,0
29,32,0
29,32,0
29,32,0
29,32,0
29,32,0
29,32,0
29,32,0
29,32,0
29,32,0
29,32,0
29,32,0
29,32,0
29,32,0
29,32,0
29,32,0
29,32,0
33,27,0
33,27,0
33,27,0
33,28,0
33,28,0
33,28,1
33,29,1
33,41,1
33,64,1
33,78,1
33,88,1
33,95,1
33,95,1
33,95,1
33,95,1
33,95,1
33,95,1
33,95,1
33,95,1
33,95,1
33,95,1
33,95,1
33,95,1
33,95,1
33,95,0
33,95,0
33,88,0
33,73,0
33,63,0
33,54,0
33,48,0
33,44,0
33,41,0
33,39,0
33,37,0
32,35,0
32,33,0
32,33,0
32,33,0
32,33,0
32,33,0
32,33,0
32,33,0
32,33,0
32,32,0
32,31,0
31,32,0
31,32,0
31,32,0
31,33,0
31,32,0
31,31,0
29,32,0
29,32,0
29,32,0
29,32,0
29,32,0
29,32,0
29,32,0
29,32,0
29,32,0
29,32,0
29,32,0
29,32,0
29,32,0
29,32,0
29,32,0
29,32,0
29,32,0
29,32,0
